[[   4965       1    4965]
 [   2795      21   65465]
 [   2365      43  121020]
 [   2224      68  177762]
 [   2064      89  222616]
 [   1965     112  268753]
 [   1870     134  310818]
 [   1825     159  357029]
 [   1765     183  400142]
 [   1714     211  448945]
 [   1669     236  491178]
 [   1598     260  530508]
 [   1549     285  569677]
 [   1502     313  612397]
 [   1451     340  652212]
 [   1410     369  693706]
 [   1359     399  735162]
 [   1323     426  771364]
 [   1282     456  810312]
 [   1248     491  854545]
 [   1215     517  886579]
 [   1178     554  930733]
 [   1142     587  968914]
 [   1102     620 1005836]
 [   1070     650 1038354]
 [   1038     681 1070935]
 [   1010     714 1104735]
 [    982     750 1140462]
 [    950     786 1175227]
 [    922     824 1210818]
 [    891     860 1243459]
 [    860     889 1268809]
 [    834     925 1299284]
 [    806     960 1327968]
 [    777     997 1357199]
 [    743    1043 1392039]
 [    713    1086 1423296]
 [    682    1121 1447633]
 [    655    1163 1475722]
 [    626    1209 1505337]]
